======>要 reset workload 0 的 zone 0 
======>要 reset workload 1 的 zone 256 
======>要 reset workload 2 的 zone 512 
======>要 reset workload 3 的 zone 768 
====================================为zone 0 分配资源====================================
[FEMU] Log: 分配完后 Initial values of every zone:
zone 0 : 0  4  1  5  2  6  3  7  0  4  1  5  2  6  3  7  0  4  1  5  2  6  3  7  0  4  1  5  2  6  3  7 
 0  4096  1024  5120  2048  6144  3072  7168  1  4097  1025  5121  2049  6145  3073  7169  2  4098  1026  5122  2050  6146  3074  7170  3  4099  1027  5123  2051  6147  3075  7171 
====================================为zone 256 分配资源====================================
[FEMU] Log: 分配完后 Initial values of every zone:
zone 256 : 8  12  9  13  10  14  11  15  8  12  9  13  10  14  11  15  8  12  9  13  10  14  11  15  8  12  9  13  10  14  11  15 
 8192  12288  9216  13312  10240  14336  11264  15360  8193  12289  9217  13313  10241  14337  11265  15361  8194  12290  9218  13314  10242  14338  11266  15362  8195  12291  9219  13315  10243  14339  11267  15363 
======>要 reset workload 0 的 zone 0 
======>要 reset workload 1 的 zone 257 
====================================为zone 257 分配资源====================================
workload 1 压力过大
[FEMU] Log: 分配完后 Initial values of every zone:
zone 257 : 8  12  9  13  10  14  11  15  8  12  9  13  10  14  11  15  8  12  9  13  10  14  11  15  8  12  9  13  10  14  11  15 
 8196  12292  9220  13316  10244  14340  11268  15364  8197  12293  9221  13317  10245  14341  11269  15365  8198  12294  9222  13318  10246  14342  11270  15366  8199  12295  9223  13319  10247  14343  11271  15367 
======>要 reset workload 0 的 zone 1 
======>要 reset workload 1 的 zone 257 
======>要 reset workload 2 的 zone 523 
======>要 reset workload 2 的 zone 513 
====================================为zone 523 分配资源====================================
workload 2 压力过大
[FEMU] Log: 分配完后 Initial values of every zone:
zone 523 : 16  20  17  21  18  22  19  23  16  20  17  21  18  22  19  23  16  20  17  21  18  22  19  23  16  20  17  21  18  22  19  23 
 16384  20480  17408  21504  18432  22528  19456  23552  16385  20481  17409  21505  18433  22529  19457  23553  16386  20482  17410  21506  18434  22530  19458  23554  16387  20483  17411  21507  18435  22531  19459  23555 
====================================为zone 513 分配资源====================================
workload 2 压力过大
[FEMU] Log: 分配完后 Initial values of every zone:
zone 513 : 16  20  17  21  18  22  19  23  16  20  17  21  18  22  19  23  16  20  17  21  18  22  19  23  16  20  17  21  18  22  19  23 
 16388  20484  17412  21508  18436  22532  19460  23556  16389  20485  17413  21509  18437  22533  19461  23557  16390  20486  17414  21510  18438  22534  19462  23558  16391  20487  17415  21511  18439  22535  19463  23559 
====================================为zone 1 分配资源====================================
workload 0 压力过大
[FEMU] Log: 分配完后 Initial values of every zone:
zone 1 : 0  4  1  5  2  6  3  7  0  4  1  5  2  6  3  7  0  4  1  5  2  6  3  7  0  4  1  5  2  6  3  7 
 4  4100  1028  5124  2052  6148  3076  7172  5  4101  1029  5125  2053  6149  3077  7173  6  4102  1030  5126  2054  6150  3078  7174  7  4103  1031  5127  2055  6151  3079  7175 
======>要 reset workload 3 的 zone 779 
======>要 reset workload 3 的 zone 769 
====================================为zone 257 分配资源====================================
workload 1 压力过大
[FEMU] Log: 分配完后 Initial values of every zone:
zone 257 : 8  12  9  13  10  14  11  15  8  12  9  13  10  14  11  15  8  12  9  13  10  14  11  15  8  12  9  13  10  14  11  15 
 8196  12292  9220  13316  10244  14340  11268  15364  8197  12293  9221  13317  10245  14341  11269  15365  8198  12294  9222  13318  10246  14342  11270  15366  8199  12295  9223  13319  10247  14343  11271  15367 
====================================为zone 779 分配资源====================================
workload 3 压力过大
[FEMU] Log: 分配完后 Initial values of every zone:
zone 779 : 24  28  25  29  26  30  27  31  24  28  25  29  26  30  27  31  24  28  25  29  26  30  27  31  24  28  25  29  26  30  27  31 
 24576  28672  25600  29696  26624  30720  27648  31744  24577  28673  25601  29697  26625  30721  27649  31745  24578  28674  25602  29698  26626  30722  27650  31746  24579  28675  25603  29699  26627  30723  27651  31747 
======>要 reset workload 2 的 zone 524 
======>要 reset workload 0 的 zone 2 
======>要 reset workload 0 的 zone 13 
====================================为zone 13 分配资源====================================