Pressures: [0.046177666666666665, 0.11384888888888887, 0.2801844444444444, 0.6130307222222222]
Pressures: [0.5096045, 0.4961519444444445, 0.5450563333333334, 0.46701061111111103]

qps       平均压力  吞吐率     stall               延迟   95尾延迟 99尾延迟   理论吞吐率        
100              7.6          0
200              16.5         356740
400              44.7         13249107
800              83.8         31205479
1600             46.9      169521131413152484
3200             63.3      301370901233445857
6400             77.8      378425962134523255
12800            86.0      417809658754094095