Workload0 last reset data: [29, 26, 26, 27, 26, 27, 27, 27, 29, 28, 27, 27, 26, 28, 28, 27, 27, 27, 27, 26, 28, 28, 28, 29, 28, 28, 26, 27, 28, 28, 28, 26, 28, 28, 27, 26, 29, 26, 28, 29, 25, 29, 25, 25, 28, 29, 29, 28, 29, 26, 28, 28, 28, 26, 27, 29, 29, 29, 29, 27, 27, 26, 28, 28, 27, 29, 26, 28, 29, 29, 29, 25, 28, 29, 29, 29, 28, 29, 29, 28, 28, 29, 29, 28, 29, 29, 29, 28, 29, 29, 28, 28, 28, 28, 29, 29, 29, 29, 28, 28, 28, 28, 29, 28, 28, 28, 28, 29, 28, 28, 29, 28, 29, 29, 28, 28, 28, 28, 28, 28, 28, 28, 28, 28, 28, 28, 28, 28, 28, 28, 27, 28, 28, 28, 28, 28, 28, 28, 28, 28, 27, 28, 28, 28, 28, 28, 28, 28, 28, 28, 28, 28, 28, 28, 28, 28, 28, 28, 28, 28, 28, 28, 28, 28, 28, 28, 28, 28, 28, 28, 28, 28, 28, 28, 28, 28, 28, 28, 28, 28, 28, 28, 28, 28, 28, 28, 28, 27, 28, 28, 28, 28, 28, 28, 28, 28, 28, 28, 28, 28, 28, 28, 28, 28, 28, 27, 28, 28, 28, 27, 28, 28, 28, 28, 28, 28, 28, 28, 28, 28, 28, 28, 27, 28, 27, 28, 28, 28, 28, 27, 28, 28, 28, 28, 28, 28, 28, 28, 27, 28, 28, 27, 28, 28, 27, 28, 27, 27, 28, 27, 28, 27, 27, 28, 28, 27]
Workload0 total sum: 7135
Workload0 max value: 29
Workload1 last reset data: [24, 24, 23, 22, 22, 23, 21, 24, 20, 24, 22, 23, 22, 23, 23, 23, 22, 23, 21, 21, 23, 22, 24, 21, 23, 23, 22, 24, 22, 21, 21, 21, 22, 22, 24, 23, 21, 21, 23, 22, 24, 23, 21, 24, 22, 23, 20, 24, 23, 22, 21, 21, 22, 23, 22, 22, 21, 23, 22, 23, 23, 22, 22, 23, 24, 24, 24, 23, 22, 22, 23, 24, 23, 24, 23, 23, 23, 24, 24, 23, 24, 24, 23, 24, 24, 23, 24, 23, 24, 24, 24, 24, 23, 24, 24, 23, 23, 23, 24, 23, 24, 24, 23, 23, 24, 24, 23, 23, 23, 23, 24, 23, 23, 23, 23, 23, 23, 23, 23, 23, 23, 23, 23, 23, 23, 23, 23, 23, 23, 23, 23, 23, 23, 23, 23, 23, 23, 23, 23, 23, 23, 23, 23, 23, 23, 23, 23, 23, 23, 23, 23, 23, 23, 23, 23, 23, 23, 23, 23, 23, 23, 23, 23, 23, 23, 23, 23, 22, 23, 23, 23, 23, 23, 23, 23, 23, 23, 23, 23, 23, 23, 23, 23, 23, 23, 23, 23, 23, 23, 23, 23, 23, 22, 23, 23, 22, 23, 23, 23, 23, 23, 23, 23, 23, 23, 23, 23, 23, 23, 23, 22, 23, 23, 23, 22, 23, 22, 23, 23, 23, 22, 23, 23, 22, 23, 23, 23, 23, 23, 23, 22, 23, 23, 23, 23, 22, 22, 23, 23, 23, 23, 23, 22, 23, 23, 23, 22, 23, 23, 23, 22, 23, 23, 22, 23, 23]
Workload1 total sum: 5854
Workload1 max value: 24
Workload2 last reset data: [15, 13, 12, 12, 14, 12, 14, 12, 13, 14, 14, 12, 12, 15, 12, 13, 13, 12, 13, 15, 12, 12, 15, 14, 12, 15, 14, 15, 14, 12, 12, 12, 13, 12, 12, 13, 14, 12, 14, 14, 13, 14, 14, 13, 15, 14, 14, 14, 13, 14, 13, 15, 14, 14, 14, 12, 14, 13, 15, 13, 14, 15, 16, 16, 14, 15, 15, 16, 15, 15, 14, 15, 15, 14, 15, 15, 15, 14, 15, 15, 15, 14, 15, 15, 15, 15, 15, 15, 15, 15, 15, 15, 14, 15, 15, 15, 15, 15, 15, 15, 15, 15, 14, 15, 15, 14, 15, 15, 15, 15, 15, 15, 14, 15, 15, 15, 15, 15, 15, 14, 15, 15, 15, 14, 15, 15, 15, 14, 15, 15, 15, 15, 15, 14, 14, 15, 15, 15, 14, 15, 15, 14, 15, 14, 15, 14, 15, 15, 15, 14, 15, 14, 15, 15, 15, 14, 14, 14, 14, 14, 15, 15, 15, 14, 15, 14, 15, 14, 15, 14, 14, 14, 15, 14, 14, 15, 14, 15, 14, 15, 14, 15, 14, 14, 15, 14, 15, 15, 14, 15, 14, 14, 14, 14, 14, 14, 14, 14, 14, 14, 14, 14, 14, 14, 14, 14, 14, 14, 14, 14, 14, 14, 14, 14, 14, 14, 14, 14, 14, 14, 14, 13, 14, 14, 14, 14, 14, 14, 14, 14, 14, 14, 14, 14, 14, 14, 14, 14, 14, 14, 14, 14, 14, 14, 13, 14, 14, 14, 14, 14, 14, 14, 14, 14, 14, 14]
Workload2 total sum: 3634
Workload2 max value: 16
Workload3 last reset data: [8, 6, 7, 7, 9, 6, 8, 5, 6, 6, 7, 7, 7, 6, 7, 6, 6, 6, 7, 6, 6, 7, 6, 7, 5, 6, 7, 5, 7, 7, 8, 7, 6, 8, 7, 9, 8, 9, 6, 8, 9, 6, 8, 6, 7, 7, 7, 7, 8, 6, 7, 5, 5, 6, 6, 6, 6, 6, 6, 6, 7, 7, 8, 8, 8, 8, 8, 8, 8, 8, 8, 8, 8, 8, 8, 8, 8, 8, 7, 8, 8, 8, 8, 8, 8, 8, 8, 8, 8, 8, 8, 8, 7, 7, 8, 8, 8, 7, 8, 8, 7, 8, 8, 8, 8, 8, 8, 7, 8, 8, 8, 8, 7, 8, 8, 8, 8, 7, 8, 8, 8, 8, 8, 8, 8, 8, 7, 8, 8, 8, 7, 8, 8, 7, 7, 8, 7, 8, 8, 8, 7, 8, 8, 8, 8, 7, 8, 8, 8, 7, 7, 7, 8, 8, 7, 8, 8, 8, 7, 7, 8, 8, 7, 8, 8, 8, 7, 8, 8, 7, 8, 8, 8, 7, 8, 7, 7, 7, 8, 7, 8, 8, 7, 7, 7, 8, 8, 7, 8, 7, 7, 8, 7, 8, 7, 7, 7, 8, 7, 8, 7, 7, 7, 7, 7, 7, 7, 7, 7, 7, 7, 7, 7, 7, 7, 7, 7, 7, 7, 7, 7, 7, 7, 7, 7, 7, 7, 7, 7, 7, 7, 7, 7, 7, 7, 6, 7, 7, 7, 7, 7, 7, 7, 7, 7, 7, 7, 7, 7, 7, 7, 7, 7, 7, 7, 7]
Workload3 total sum: 1871
Workload3 max value: 9


Workload0 last reset data: [29, 0, 0, 0, 0, 0, 0, 29, 29, 26, 29, 29, 29, 24, 29, 28, 29, 27, 29, 26, 29, 29, 29, 29, 29, 29, 29, 29, 28, 29, 29, 29, 29, 29, 29, 29, 28, 26, 29, 29, 26, 29, 29, 29, 29, 28, 29, 28, 28, 29, 23, 29, 29, 29, 29, 29, 29, 28, 27, 26, 29, 29, 28, 29, 29, 28, 29, 29, 29, 29, 28, 29, 25, 29, 28, 27, 26, 28, 29, 29, 27, 29, 29, 29, 28, 26, 29, 29, 28, 28, 17, 29, 29, 28, 28, 28, 29, 26, 29, 28, 29, 27, 29, 29, 28, 29, 29, 29, 29, 28, 29, 28, 28, 28, 26, 29, 29, 28, 29, 29, 28, 29, 28, 29, 29, 29, 28, 29, 29, 28, 29, 28, 29, 28, 26, 25, 29, 29, 28, 29, 29, 28, 28, 28, 27, 28, 29, 28, 29, 28, 26, 29, 28, 28, 28, 28, 28, 28, 28, 25, 28, 27, 28, 28, 26, 28, 24, 28, 28, 28, 28, 28, 28, 25, 28, 14, 28, 28, 28, 25, 28, 28, 28, 28, 27, 28, 28, 26, 28, 28, 28, 28, 28, 28, 28, 28, 28, 28, 28, 28, 28, 25, 28, 28, 28, 28, 28, 28, 26, 28, 28, 23, 27, 28, 27, 28, 28, 28, 28, 27, 28, 28, 28, 24, 24, 28, 28, 28, 28, 28, 27, 26, 28, 27, 28, 28, 28, 28, 27, 28, 28, 28, 28, 25, 28, 28, 25, 28, 28, 28, 28, 28, 27, 28, 26, 28]
Workload0 total sum: 6964
Workload0 max value: 29
Workload1 last reset data: [24, 0, 0, 0, 0, 0, 0, 24, 24, 24, 24, 24, 19, 24, 24, 24, 21, 24, 24, 24, 24, 24, 24, 24, 24, 22, 24, 24, 23, 23, 21, 24, 24, 24, 24, 23, 24, 24, 24, 24, 24, 20, 24, 23, 24, 21, 24, 22, 24, 23, 16, 23, 24, 24, 24, 23, 20, 24, 24, 24, 24, 24, 24, 20, 24, 24, 24, 22, 24, 22, 24, 24, 24, 23, 24, 23, 24, 24, 23, 24, 24, 20, 24, 24, 24, 24, 24, 23, 24, 22, 21, 23, 24, 17, 20, 24, 24, 24, 24, 23, 24, 24, 24, 23, 24, 21, 22, 24, 24, 23, 24, 24, 24, 21, 23, 23, 24, 24, 23, 24, 24, 23, 18, 22, 24, 20, 24, 23, 24, 24, 24, 24, 23, 19, 24, 21, 24, 23, 18, 24, 23, 24, 24, 23, 24, 24, 23, 24, 23, 24, 22, 24, 22, 23, 24, 24, 24, 21, 23, 23, 24, 24, 23, 24, 20, 24, 19, 23, 24, 24, 21, 23, 23, 22, 24, 24, 23, 24, 23, 21, 24, 17, 23, 24, 23, 24, 24, 24, 24, 23, 21, 23, 24, 24, 24, 23, 22, 23, 23, 23, 23, 23, 20, 24, 23, 21, 23, 23, 23, 23, 23, 23, 23, 23, 23, 23, 22, 21, 23, 23, 23, 23, 18, 20, 23, 23, 21, 23, 23, 23, 23, 23, 23, 23, 23, 23, 20, 21, 23, 23, 23, 23, 23, 19, 23, 23, 23, 23, 23, 23, 23, 23, 23, 22, 23, 21]
Workload1 total sum: 5740
Workload1 max value: 24
Workload2 last reset data: [0, 0, 0, 0, 0, 0, 13, 15, 16, 16, 12, 15, 15, 13, 15, 16, 15, 16, 16, 15, 16, 15, 12, 15, 16, 12, 14, 15, 15, 16, 15, 15, 16, 15, 14, 14, 13, 16, 15, 15, 12, 15, 15, 15, 16, 15, 15, 10, 15, 15, 15, 15, 15, 15, 15, 15, 15, 15, 14, 12, 15, 15, 10, 15, 15, 15, 15, 15, 15, 14, 15, 15, 15, 15, 15, 15, 15, 13, 15, 15, 15, 15, 15, 15, 15, 15, 15, 15, 15, 12, 15, 15, 15, 11, 15, 15, 13, 15, 12, 15, 15, 13, 10, 15, 15, 15, 15, 15, 15, 12, 15, 15, 13, 14, 15, 15, 15, 15, 15, 15, 15, 15, 15, 15, 15, 15, 13, 14, 15, 15, 15, 13, 15, 15, 15, 15, 15, 15, 15, 14, 15, 15, 15, 13, 11, 14, 12, 14, 15, 15, 15, 15, 15, 15, 15, 12, 13, 14, 15, 15, 15, 14, 13, 14, 11, 12, 14, 15, 15, 14, 15, 15, 15, 15, 14, 10, 15, 15, 15, 15, 13, 15, 14, 13, 15, 14, 15, 15, 15, 15, 14, 15, 15, 14, 15, 15, 10, 14, 15, 15, 15, 15, 13, 15, 15, 11, 12, 14, 15, 15, 14, 14, 15, 15, 14, 14, 15, 15, 14, 15, 15, 14, 11, 13, 15, 15, 15, 12, 15, 14, 15, 15, 15, 14, 14, 14, 15, 15, 12, 14, 13, 1, 13, 15, 15, 14, 15, 15, 15, 14, 15, 15, 14, 14, 15, 15]
Workload2 total sum: 3587
Workload2 max value: 16
Workload3 last reset data: [0, 0, 0, 0, 0, 0, 8, 8, 5, 8, 8, 8, 4, 8, 6, 8, 7, 8, 5, 9, 9, 8, 9, 6, 8, 9, 8, 8, 9, 8, 8, 8, 8, 7, 8, 8, 8, 8, 8, 8, 8, 8, 8, 8, 8, 6, 8, 8, 8, 8, 5, 8, 8, 6, 8, 7, 8, 7, 8, 8, 8, 7, 8, 8, 8, 8, 8, 8, 6, 8, 8, 8, 8, 5, 8, 7, 8, 8, 8, 8, 7, 8, 8, 8, 8, 8, 8, 8, 8, 8, 6, 7, 8, 8, 8, 8, 8, 5, 8, 7, 8, 8, 8, 8, 6, 8, 8, 8, 8, 8, 8, 8, 3, 8, 8, 7, 8, 7, 8, 7, 8, 8, 6, 8, 8, 8, 8, 6, 8, 8, 7, 8, 8, 8, 8, 8, 6, 7, 7, 8, 8, 8, 8, 8, 6, 7, 8, 6, 8, 5, 8, 8, 8, 7, 7, 8, 8, 8, 7, 8, 7, 6, 8, 4, 8, 8, 8, 8, 8, 8, 3, 4, 8, 4, 5, 7, 8, 8, 8, 8, 7, 8, 5, 8, 7, 7, 8, 8, 7, 8, 6, 7, 8, 8, 3, 8, 8, 8, 8, 4, 8, 8, 5, 8, 5, 7, 8, 8, 8, 8, 7, 6, 7, 7, 8, 7, 8, 8, 8, 6, 7, 5, 7, 8, 8, 4, 6, 7, 6, 4, 8, 8, 8, 7, 7, 7, 8, 8, 8, 7, 8, 8, 8, 7, 8, 6, 5, 7, 8, 6, 7, 8, 8, 7, 8, 7]
Workload3 total sum: 1843
Workload3 max value: 9